150 2
3.14117797442619 6.46899537749046
3.02346273378482 2.81351660134671
6.52624137812584 2.5045710175516
6.07096135567222 3.74933630025266
3.40206733207485 3.45430520980094
2.90576544123284 2.88937726163655
3.90106824541804 5.47122829658527
2.25636958693754 4.91641440791554
5.13064016052569 2.68708169691912
7.12355262351632 5.26214085750414
5.45862308525958 5.28174227666226
6.52803362337723 6.32847930473569
3.9697189393542 6.55260055718068
7.51234376233444 3.98501727561957
3.34765872008407 3.45699121238985
5.46819464131983 2.59634156346759
2.99079852575072 5.05586495377871
4.11927307358651 6.44244001744454
5.30278117267639 3.34577529250246
2.38970637598974 5.62825604819213
5.01607114170973 3.97681950870026
2.90243137890885 5.75915642119177
3.41046489196117 4.80460942731404
5.31869416727782 5.94581017427531
2.76984130684518 3.86725579842214
5.81563479797949 5.29559711537596
5.49398383122171 4.57462256672447
4.41489244964714 4.86531148259997
6.72798953494281 2.66411896007882
3.83576959411406 4.0674249439683
4.71412950352035 5.33538233045349
6.47217873609432 4.30291323377275
5.87720592173676 7.79909443572023
4.34631698465295 3.92145018577657
3.96876855845101 5.0004982582727
5.53886267434221 3.80621774722325
7.81313653558494 5.84186945569965
4.47119929512172 7.80163244758787
7.18880420294498 5.14868308151485
6.82316759049878 2.96619650093664
3.93000914475305 4.02625095161094
6.47959510155465 4.9358482746339
3.31636867107712 3.58976743181006
2.6235439791793 4.02375812676291
5.39637076426457 3.01440650139955
3.15585693703869 5.43821773120295
5.7610630912699 7.05060050106434
5.05015694928025 3.00877892355684
3.54947307707496 3.58041263407159
6.81635196718419 6.04835009010757
3.33873917268728 5.56994452378768
5.28628909507487 5.79941494926695
4.81171540210403 6.84992811516494
5.93569132055367 5.00552170630502
5.19361459792201 2.03092067221906
5.09459246284827 4.9534659191628
4.67058370916692 5.30577985116754
3.48678534887461 6.041394177651
4.67020088065883 5.97928495158691
3.94124317718333 6.55634723352083
3.45749628928555 3.64534867249824
4.29065339885774 6.16904235042349
4.86727991017623 4.05724081882518
5.14709199544554 3.40264771815813
6.38168174684161 6.88148656292245
7.31004801339781 3.56415929063724
4.940210212636 2.83311178203524
5.47571003802716 2.88199911842083
7.09816774974863 5.65898653734749
4.70970532449635 7.32292434967682
4.76351421001572 2.86288143723221
4.229280954956 2.85258487488645
2.39123862983415 5.46419869602693
6.16359234526999 6.61550584013543
7.64206548993393 5.62138550492926
6.33172477864793 6.98615599937412
5.89092403484881 6.12810955396177
4.67641862734313 2.66961222463828
4.93831387028847 3.53270278412953
4.48843592887557 4.23233990886369
3.52565317774292 7.57845283983948
5.95495101489936 3.37289054500545
7.45618126181451 6.55321861756278
4.67954609169194 6.88240969037236
2.65241505566454 3.51511153402281
7.52550497997302 6.19241763338952
6.77781320076185 6.75340760431717
4.75637972403215 2.27546008409401
4.43008026956753 4.95477956132719
3.45487831918953 3.3805273267642
6.06151898197595 6.20790627067553
2.34951232924594 3.77941979199825
3.91700150054446 3.14217620542695
3.21021371027322 6.712804486885
5.30595633600009 3.96006473130918
5.60592552751584 2.86867255438786
7.80031226030919 4.1379331647348
5.67795677392584 6.46503904187603
4.93337037846621 3.25980388096694
4.04505171808501 2.57117810311574
18.8039265814206 29.8966512583015
18.4115424459494 17.711722004489
30.0874712604195 16.6819033918387
28.5698711855741 20.8311210008422
19.6735577735828 19.8476840326698
18.0192181374428 17.9645908721218
21.3368941513935 26.5707609886176
15.8545652897918 24.7213813597185
25.4354672017523 17.2902723230637
32.0785087450544 25.8738028583471
26.5287436175319 25.9391409222075
30.0934454112574 29.428264349119
21.5657297978473 30.1753351906023
33.3744792077815 21.6167242520652
19.4921957336136 19.8566373746328
26.5606488043994 16.9878052115586
18.3026617525024 25.1862165125957
22.0642435786217 29.8081333914818
26.009270575588 19.4859176416749
16.2990212532991 27.0941868273071
25.0535704723658 21.5893983623342
18.0081045963628 27.5305214039726
19.7015496398706 24.3486980910468
26.0623138909261 28.1527005809177
17.5661376894839 21.2241859947405
27.7187826599316 25.9853237179199
26.646612770739 23.5820752224149
23.0496414988238 24.5510382753332
30.759965116476 17.2137298669294
21.1192319803802 21.8914164798943
24.0470983450678 26.1179411015116
29.9072624536477 22.6763774459092
27.9240197391225 34.3303147857341
22.8210566155099 21.4048339525886
21.5625618615034 25.001660860909
26.796208914474 21.0207258240775
34.3771217852831 27.8062315189988
23.2373309837391 34.3387748252929
32.2960140098166 25.4956102717162
31.0772253016626 18.2206550031221
21.4333638158435 21.7541698387031
29.9319836718488 24.7861609154463
19.3878955702571 20.2992247727002
17.0784799305977 21.745860422543
26.3212358808819 18.3813550046652
18.8528564567956 26.4607257706765
27.5368769708997 31.8353350035478
25.1671898309342 18.3625964118561
20.1649102569165 20.268042113572
31.0545065572806 28.4945003003586
