
0.71547 -0.45867
0.3277 -0.24028
0 0.5
1.40478 -0.41441
1.09602 -0.49538
1.1596 -0.48718
0.07308 0.12473
1.03205 -0.49949
1.87132 0.00928
1.62349 -0.28183
0.01844 0.30884
1.57212 -0.32017
1.71835 -0.19568
1.96729 0.24635
1.99179 0.37212
0.28165 -0.19568
1.80141 -0.09811
0.16191 -0.04553
0.96795 -0.49949
1.28453 -0.45867
0.03271 0.24635
0.00205 0.43593
1.99795 0.43593
0.8404 -0.48718
1.94906 0.18489
0.12868 0.00928
0.77748 -0.47493
0.37651 -0.28183
0.00821 0.37212
0.23855 -0.14823
1.92692 0.12473
2 0.5
0.05094 0.18489
0.59522 -0.41441
1.34537 -0.43847
1.22252 -0.47493
1.98156 0.30884
0.90398 -0.49538
1.6723 -0.24028
0.09903 0.06612
1.51839 -0.35514
1.90097 0.06612
