 0.87132
 0.49072
 0.71547
 -0.45867
 1.46254
 -0.38660
 -0.22252
 0.97493
 0.32770
 -0.24028
 1.00000
 0.00000
 0.94906
 0.31511
 0.00000
 0.50000
 1.40478
 -0.41441
 0.96729
 0.25365
 0.09602
 0.99538
 0.42788
 -0.32017
 1.09602
 -0.49538
 0.19859
 -0.09811
 0.03205
 0.99949
 -0.90097
 0.43388
 1.15960
 -0.48718
 -0.76145
 0.64823
 0.07308
 0.12473
 1.03205
 -0.49949
 -0.62349
 0.78183
 1.76145
 -0.14823
 0.34537
 0.93847
 -0.28453
 0.95867
 -0.40478
 0.91441
 1.87132
 0.00928
 1.62349
 -0.28183
 0.83809
 0.54553
 0.01844
 0.30884
 -0.87132
 0.49072
 0.22252
 0.97493
 1.83809
 -0.04553
 -0.51839
 0.85514
 0.65463
 -0.43847
 1.57212
 -0.32017
 1.71835
 -0.19568
 1.96729
 0.24635
 1.99179
 0.37212
 0.28165
 -0.19568
 0.71835
 0.69568
 0.28453
 0.95867
 1.80141
 -0.09811
 -0.71835
 0.69568
 0.16191
 -0.04553
 0.99795
 0.06407
 0.96795
 -0.49949
 0.76145
 0.64823
 1.28453
 -0.45867
 0.62349
 0.78183
 0.03271
 0.24635
 0.51839
 0.85514
 -0.09602
 0.99538
 0.00205
 0.43593
 -0.96729
 0.25365
 0.92692
 0.37527
 1.99795
 0.43593
 -0.34537
 0.93847
 -0.94906
 0.31511
 0.84040
 -0.48718
 -0.92692
 0.37527
 0.57212
 0.82017
 1.94906
 0.18489
 0.40478
 0.91441
 0.67230
 0.74028
 0.15960
 0.98718
 0.80141
 0.59811
 0.12868
 0.00928
 0.77748
 -0.47493
 0.37651
 -0.28183
 0.98156
 0.19116
 -0.83809
 0.54553
 -0.57212
 0.82017
 -0.15960
 0.98718
 0.00821
 0.37212
 0.90097
 0.43388
 -0.99795
 0.06407
 0.23855
 -0.14823
 1.92692
 0.12473
 2.00000
 0.50000
 -0.80141
 0.59811
 0.99179
 0.12788
 0.53746
 -0.38660
 0.05094
 0.18489
 -1.00000
 0.00000
 0.59522
 -0.41441
 1.34537
 -0.43847
 -0.67230
 0.74028
 1.22252
 -0.47493
 1.98156
 0.30884
 -0.03205
 0.99949
 -0.98156
 0.19116
 -0.46254
 0.88660
 0.90398
 -0.49538
 -0.99179
 0.12788
 1.67230
 -0.24028
 0.09903
 0.06612
 1.51839
 -0.35514
 0.46254
 0.88660
 1.90097
 0.06612
 0.48161
 -0.35514
