7.062715950544188992e+00
6.771110825124758037e+00
6.770677579496505949e+00
6.366915983729367845e+00
6.316217977080291313e+00
5.708440438379252413e+00
5.707886456497985428e+00
5.088972641430663302e+00
5.014648612075295553e+00
4.300416629615533282e+00
4.299989343433554545e+00
3.612974808196254717e+00
3.586137858099687215e+00
2.900389204055713765e+00
2.900254909172838680e+00
2.313401961468155577e+00
2.284326856645960468e+00
1.755891500911904046e+00
1.755831924649417841e+00
1.325479492030123607e+00
1.314131689702407790e+00
9.571520569500566733e-01
9.571432393710975761e-01
6.868927089364025296e-01
6.798933909091591232e-01
4.714430359403719573e-01
4.714313732725129991e-01
3.216857804375224950e-01
3.189259562856853747e-01
2.105643685111239227e-01
2.105567822095497921e-01
1.369541743296602554e-01
1.357891172498045251e-01
8.558087104931590139e-02
8.557642133438858600e-02
5.312107269522601399e-02
5.271307068769307685e-02
3.174897854430464017e-02
3.174655049016671116e-02
1.883618972742072753e-02
1.870230221800255055e-02
1.078021779545676809e-02
1.077906595776930224e-02
6.118656354067073498e-03
6.078994807337434643e-03
3.356171763094462860e-03
3.355680293624779213e-03
1.823724129740903659e-03
1.813240655688575518e-03
9.593426176891256150e-04
9.591576761626180621e-04
4.993385237658852591e-04
4.966815743206654714e-04
2.518730712437416519e-04
2.518101769695905013e-04
1.255324475897973146e-04
1.249799083286849157e-04
6.071936491267681645e-05
6.070143197080613749e-05
2.897268888561748516e-05
2.884778154206695745e-05
1.342110306497531039e-05
1.341576491316508803e-05
6.120793712616488337e-06
6.100724723244457829e-06
2.711878744568135707e-06
2.710886782274928972e-06
1.180568332841512702e-06
1.176859095298910374e-06
4.991375865267465887e-07
4.989047637941663588e-07
2.070619032331605595e-07
2.065881167605079169e-07
8.365222271578413149e-08
8.357282967250251495e-08
3.298076948584482244e-08
3.291934854568427078e-08
1.267887457733595297e-08
1.266963985767804146e-08
4.812850007036073544e-09
4.811578504103527195e-09
1.893584537684505519e-09
1.893186140907249963e-09
9.505677546706799431e-10
9.409287394787601483e-10
6.106142136185576948e-10
6.085996036554602511e-10
5.399516765452919793e-10
5.388522455044969670e-10
3.962743288526491250e-10
3.954022375784594659e-10
1.977580831516835557e-10
1.868361562810527355e-10
1.613334071792772153e-10
1.601807191537530150e-10
1.028401275175566142e-10
9.481111580003057782e-11
1.955432752269628516e-11
1.945708070946330298e-11
-5.252829325316312442e-16
