0.07455 0.12641
0.13494 -0.05298
0.01216 0.03840
0.05279 0.10143
0.04515 0.09016
0.13653 0.02608
0.13716 0.01018
0.07191 -0.12205
0.09757 -0.13754
0.11322 -0.12928
0.12935 0.08368
0.13321 -0.06755
0.12834 -0.09371
0.08131 0.13141
0.07877 -0.12868
0.13387 0.05647
0.12165 -0.11468
0.09971 0.13549
0.13184 0.07057
0.10317 -0.13668
0.02128 0.05118
0.09391 0.13598
0.11023 0.12898
0.11917 0.11546
0.13699 -0.02194
0.04984 -0.09235
0.06027 0.11132
0.13101 -0.08119
0.05742 -0.10375
0.06478 -0.11370
0.11490 0.12306
0.12640 0.09564
0.10516 0.13314
0.13544 0.04158
0.08776 0.13461
0.03738 0.07774
0.08535 -0.13351
0.11765 -0.12284
0.13620 -0.03771
0.06753 0.11969
0.02693 -0.05262
0.09163 -0.13648
0.02949 0.06456
0.01999 -0.03952
0.10839 -0.13391
0.13731 -0.00590
0.04213 -0.07973
0.12522 -0.10493
0.03442 -0.06628
0.12300 0.10628
-0.13184 0.07057
-0.12522 -0.10493
-0.10516 0.13314
-0.01216 0.03840
-0.12834 -0.09371
-0.11490 0.12306
-0.13699 -0.02194
-0.08776 0.13461
-0.13620 -0.03771
-0.06027 0.11132
-0.13731 -0.00590
-0.09757 -0.13754
-0.07877 -0.12868
-0.11322 -0.12928
-0.03738 0.07774
-0.08535 -0.13351
-0.12935 0.08368
-0.11765 -0.12284
-0.10317 -0.13668
-0.04984 -0.09235
-0.03442 -0.06628
-0.09971 0.13549
-0.09163 -0.13648
-0.08131 0.13141
-0.13716 0.01018
-0.13321 -0.06755
-0.04515 0.09016
-0.02128 0.05118
-0.02693 -0.05262
-0.13544 0.04158
-0.05742 -0.10375
-0.07455 0.12641
-0.13387 0.05647
-0.11023 0.12898
-0.02949 0.06456
-0.09391 0.13598
-0.06478 -0.11370
-0.01999 -0.03952
-0.12300 0.10628
-0.05279 0.10143
-0.12640 0.09564
-0.13101 -0.08119
-0.13494 -0.05298
-0.04213 -0.07973
-0.13653 0.02608
-0.10839 -0.13391
-0.06753 0.11969
-0.12165 -0.11468
-0.07191 -0.12205
-0.11917 0.11546
