 0.87132
 0.49072
 -0.22252
 0.97493
 1.00000
 0.00000
 0.94906
 0.31511
 0.96729
 0.25365
 0.09602
 0.99538
 0.03205
 0.99949
 -0.90097
 0.43388
 -0.76145
 0.64823
 -0.62349
 0.78183
 0.34537
 0.93847
 -0.28453
 0.95867
 -0.40478
 0.91441
 0.83809
 0.54553
 -0.87132
 0.49072
 0.22252
 0.97493
 -0.51839
 0.85514
 0.71835
 0.69568
 0.28453
 0.95867
 -0.71835
 0.69568
 0.99795
 0.06407
 0.76145
 0.64823
 0.62349
 0.78183
 0.51839
 0.85514
 -0.09602
 0.99538
 -0.96729
 0.25365
 0.92692
 0.37527
 -0.34537
 0.93847
 -0.94906
 0.31511
 -0.92692
 0.37527
 0.57212
 0.82017
 0.40478
 0.91441
 0.67230
 0.74028
 0.15960
 0.98718
 0.80141
 0.59811
 0.98156
 0.19116
 -0.83809
 0.54553
 -0.57212
 0.82017
 -0.15960
 0.98718
 0.90097
 0.43388
 -0.99795
 0.06407
 -0.80141
 0.59811
 0.99179
 0.12788
 -1.00000
 0.00000
 -0.67230
 0.74028
 -0.03205
 0.99949
 -0.98156
 0.19116
 -0.46254
 0.88660
 -0.99179
 0.12788
 0.46254
 0.88660
